[gd_scene load_steps=12 format=3 uid="uid://ndjolkiwjpao"]

[ext_resource type="Script" uid="uid://ccway715frrqr" path="res://main.gd" id="1_ig7tw"]
[ext_resource type="PackedScene" uid="uid://b5odt3mvxcsai" path="res://character.tscn" id="2_0xm2m"]
[ext_resource type="PackedScene" uid="uid://76hvc2tcw2pm" path="res://assets/maps/swp_jungle.map" id="3_h2yge"]
[ext_resource type="PackedScene" uid="uid://lgie1goj86dj" path="res://assets/models/dry_egg.gltf" id="4_1bvp3"]
[ext_resource type="PackedScene" uid="uid://dskds4km32okl" path="res://hate_cube.tscn" id="4_lquwl"]
[ext_resource type="PackedScene" uid="uid://vrhfvn7c57ch" path="res://assets/maps/swampypeasants.map" id="6_7mycd"]
[ext_resource type="PackedScene" uid="uid://l2uljl1eyl75" path="res://assets/maps/testing.map" id="7_272bh"]

[sub_resource type="ProceduralSkyMaterial" id="ProceduralSkyMaterial_ig7tw"]
sky_horizon_color = Color(0.662243, 0.671743, 0.686743, 1)
ground_horizon_color = Color(0.662243, 0.671743, 0.686743, 1)

[sub_resource type="Sky" id="Sky_0xm2m"]
sky_material = SubResource("ProceduralSkyMaterial_ig7tw")

[sub_resource type="Environment" id="Environment_h2yge"]
background_mode = 2
sky = SubResource("Sky_0xm2m")
tonemap_mode = 2
glow_enabled = true

[sub_resource type="ConvexPolygonShape3D" id="ConvexPolygonShape3D_1bvp3"]
points = PackedVector3Array(0.103679, 0.484116, -0.0472051, -0.362415, -0.0587025, -0.107025, -0.364374, -0.0591912, 0.103702, 0.194196, -0.421453, 0.0583993, 0.103358, -0.104159, -0.363195, 0.103308, 0.0613161, 0.359129, 0.357254, 0.0610662, -0.106655, -0.18363, -0.423064, 0.0737722, -0.153126, 0.45457, -0.0472721, -0.0925783, -0.255572, -0.349355, -0.0918899, 0.256072, -0.316712, -0.106845, -0.253458, 0.342901, -0.105935, 0.254172, 0.310158, 0.238911, 0.24195, 0.23884, 0.254139, -0.239889, 0.254069, 0.329225, -0.2547, -0.107268, 0.236741, 0.240052, -0.240564, 0.073817, -0.423333, -0.183809, -0.317974, 0.256973, 0.0883566, -0.241228, 0.22573, -0.241298, -0.0469499, 0.466609, 0.133133, 0.332016, 0.213377, 0.089069, -0.243358, -0.255361, -0.258535, -0.2713, 0.03125, 0.267477, -0.332303, -0.253902, 0.103115, 0.252936, -0.238615, -0.256759, 0.358283, -0.043692, 0.118083, 0.0583918, -0.421929, 0.194402, -0.151905, -0.418625, -0.136895, 0.103308, -0.254426, 0.344073, 0.0882931, 0.256991, -0.317999, -0.121023, 0.0165112, -0.359316)

[node name="Main" type="Node3D"]
script = ExtResource("1_ig7tw")

[node name="DirectionalLight3D" type="DirectionalLight3D" parent="."]
transform = Transform3D(-0.866025, -0.433013, 0.25, 0, 0.5, 0.866025, -0.5, 0.75, -0.433013, 0, 0, 0)
shadow_enabled = true

[node name="WorldEnvironment" type="WorldEnvironment" parent="."]
environment = SubResource("Environment_h2yge")

[node name="CharacterBody3D" parent="." instance=ExtResource("2_0xm2m")]
transform = Transform3D(-4.37114e-08, 0, 1, 0, 1, 0, -1, 0, -4.37114e-08, 0, 1, 0)
accel = 25.0

[node name="SwpJungle" parent="." instance=ExtResource("3_h2yge")]
transform = Transform3D(1, 0, 0, 0, 1, 0, 0, 0, 1, 14.206, -11.425, 0)

[node name="HateCube" parent="." instance=ExtResource("4_lquwl")]
transform = Transform3D(1, 0, 0, 0, 1, 0, 0, 0, 1, -8.48134, 0.847202, -1.09673)

[node name="HateCube2" parent="." instance=ExtResource("4_lquwl")]
transform = Transform3D(0.972441, -0.221323, -0.0733178, 0.228274, 0.96778, 0.106267, 0.0474362, -0.120075, 0.991631, -8.48134, 2.14112, -1.09673)

[node name="HateCube3" parent="." instance=ExtResource("4_lquwl")]
transform = Transform3D(0.972815, 0.231264, -0.0121459, -0.231081, 0.965927, -0.116561, -0.0152242, 0.116199, 0.993109, -8.48134, 3.39114, -1.09673)

[node name="HateCube4" parent="." instance=ExtResource("4_lquwl")]
transform = Transform3D(-0.319407, -0.657315, -0.68258, 0.144282, -0.745648, 0.650532, -0.936569, 0.109301, 0.333004, -8.48134, 4.81317, -1.09673)

[node name="HateCube5" parent="." instance=ExtResource("4_lquwl")]
transform = Transform3D(0.973786, -0.19251, 0.121162, 0.175714, 0.974897, 0.136748, -0.144446, -0.111874, 0.983168, -8.48134, 6.58786, -1.09673)

[node name="blockbench_export" parent="." instance=ExtResource("4_1bvp3")]
transform = Transform3D(1, 0, 0, 0, 1, 0, 0, 0, 1, -2.03116, 0.00357175, -1.71798)
collision_layer = 4
collision_mask = 5

[node name="CollisionShape3D" type="CollisionShape3D" parent="blockbench_export"]
transform = Transform3D(1, 0, 0, 0, 1, 0, 0, 0, 1, 0, 0.46875, 0)
shape = SubResource("ConvexPolygonShape3D_1bvp3")

[node name="Swampypeasants" parent="." instance=ExtResource("6_7mycd")]
transform = Transform3D(1, 0, 0, 0, 1, 0, 0, 0, 1, 29.4661, -11.4096, -1.09673)

[node name="Testing" parent="." instance=ExtResource("7_272bh")]
transform = Transform3D(-4.37114e-08, 0, 1, 0, 1, 0, -1, 0, -4.37114e-08, -51.1458, 0, 3.0951e-07)

[node name="HateCube6" parent="." instance=ExtResource("4_lquwl")]
transform = Transform3D(0.707107, -0.707107, 0, 0.707107, 0.707107, 0, 0, 0, 1, -20.2687, 3.76402, 1.48102)

[editable path="blockbench_export"]
